rho0 = 2700.0
k = 1.3806503e-23
b = 2.86e-10
sig_a = 0.0e6
edot_0i = 5.0e8
p_i = 0.75
q_i = 1.0
sig_i_lo = 3.63749e+08
sig_i = 3.89288e+08
sig_i_hi = 4.15252e+08
g_0i_lo = 0.558431
g_0i = 0.634282
g_0i_hi = 0.738674
a_00 = 2.82383e+09
a_10 = 7.82432e+07
a_20 = -2.91794e+06
a_30 = -132993
a_01 = 0
a_11 = 0
a_21 = 0
a_31 = 0
a_00 = 2.82383e+09
a_10 = 7.82432e+07
a_20 = -2.91794e+06
a_30 = -132993
a_00 = 1.13279e+09
a_10 = -1.58983e+08
a_20 = 3.71958e+06
a_30 = 508921
